$ 1 0.000005 7.308818067910767 50 5 50 5e-11
a 592 336 688 336 8 10.8 -10.8 1000000 0.00000861102777073289 0 100000
a 1008 256 1136 256 8 10.8 -10.8 1000000 -0.000008610844867295354 0 100000
R 528 256 480 256 0 4 40 5.199999999999999 0 0 0.5
S 752 336 816 336 0 1 false 0 3
r 592 256 528 256 0 100000
g 592 352 592 368 0 0
g 1008 272 1008 288 0 0
r 592 256 688 256 0 100000
r 848 240 912 240 0 100000
r 912 320 912 240 0 220000
w 592 256 592 320 0
w 688 256 688 336 0
34 3v0 1 1.7143528192810002e-7 0 2.0000000000000084 3 1
z 912 416 912 352 2 3v0
z 912 416 912 480 2 3v0
g 912 480 912 496 0 0
g 816 480 816 496 0 0
34 zener-4.7 1 1.7143528192810002e-7 0 2.0000000000000084 4.7 1
z 816 416 816 480 2 zener-4.7
z 816 416 816 352 2 zener-4.7
r 1008 176 1072 176 0 100000
w 1008 176 1008 240 0
w 1136 176 1136 256 0
O 1200 256 1248 256 3 1
r 688 336 752 336 0 2200
w 848 240 752 240 0
w 752 240 752 336 0
w 816 320 912 320 0
w 912 320 912 352 0
w 912 240 1008 240 0
r 1072 176 1136 176 0 2200
d 528 576 592 576 2 1N4148
r 528 512 528 576 0 1000
r 1136 256 1200 256 0 1000
g 592 640 592 656 0 0
r 656 576 656 640 0 330000
g 656 640 656 656 0 0
w 592 576 656 576 0
a 656 560 784 560 8 10.8 -10.8 1000000 4.166666666666667 4.162199800629898 100000
R 592 480 592 448 0 0 40 5 0 0 0.5
209 592 576 592 640 4 0.0000022 4.162199800629898 0.001 0 1
w 528 512 528 256 0
r 592 480 656 480 0 20000
r 656 480 720 480 0 100000
g 720 480 720 496 0 0
w 656 480 656 544 0
t 928 560 976 560 0 1 -21.199334285938615 0.5184321591548287 100 default
r 976 576 976 640 0 6800
R 976 640 976 672 0 0 40 -11.67 0 0 0.5
162 976 480 976 544 2 default-led 1 0 0 0.01
R 976 480 976 448 0 0 40 11.67 0 0 0.5
r 864 560 928 560 0 6800
w 784 560 864 560 0
o 2 64 0 12290 5.199999999854293 0.0001 0 5 2 3 21 0 35 0 35 3
38 2 F1 0 -10 10 -1 Max\sVoltage
