$ 1 0.000005 9.001713130052181 50 5 50 5e-11
a 592 336 688 336 8 10.8 -10.8 1000000 -0.00003962560918602296 0 100000
a 1008 256 1136 256 8 10.8 -10.8 1000000 0.000039624767514177836 0 100000
R 528 256 480 256 0 4 40 6.600000000000001 0 0 0.5
S 752 336 816 336 0 1 false 0 3
r 592 256 528 256 0 100000
g 592 352 592 368 0 0
g 1008 272 1008 288 0 0
r 592 256 688 256 0 100000
r 848 240 912 240 0 100000
r 912 320 912 240 0 220000
w 592 256 592 320 0
w 688 256 688 336 0
34 3v0 1 1.7143528192810002e-7 0 2.0000000000000084 3 1
z 912 416 912 352 2 3v0
z 912 416 912 480 2 3v0
g 912 480 912 496 0 0
g 816 480 816 496 0 0
34 zener-4.7 1 1.7143528192810002e-7 0 2.0000000000000084 4.7 1
z 816 416 816 480 2 zener-4.7
z 816 416 816 352 2 zener-4.7
r 1008 176 1072 176 0 100000
w 1008 176 1008 240 0
w 1136 176 1136 256 0
O 1136 256 1184 256 3 1
r 688 336 752 336 0 2200
w 848 240 752 240 0
w 752 240 752 336 0
w 816 320 912 320 0
w 912 320 912 352 0
w 912 240 1008 240 0
r 1072 176 1136 176 0 2200
o 2 64 0 12290 6.599999836277155 0.0001 0 3 2 3 21 0
38 2 F1 0 -10 10 -1 Max\sVoltage
